0 0.2679166666666667 0.4603174603174603 0.19583333333333333 0.13333333333333333
0 0.4533333333333333 0.39444444444444443 0.105 0.15714285714285714
0 0.6316666666666667 0.5611111111111111 0.115 0.17936507936507937
0 0.79 0.830952380952381 0.12833333333333333 0.2015873015873016
0 0.5379166666666667 0.21428571428571427 0.09083333333333334 0.10158730158730159
0 0.35875 0.3134920634920635 0.06916666666666667 0.0873015873015873
0 0.23958333333333334 0.25873015873015875 0.06583333333333333 0.07936507936507936
0 0.19208333333333333 0.18571428571428572 0.0925 0.05396825396825397
0 0.12583333333333332 0.16111111111111112 0.08166666666666667 0.06507936507936508
0 0.10041666666666667 0.22380952380952382 0.0425 0.08888888888888889
5 0.16125 0.07936507936507936 0.05416666666666667 0.08253968253968254
