8 0.3921232876712329 0.7321156773211568 0.2106164383561644 0.228310502283105
0 0.5278253424657534 0.2617960426179604 0.13613013698630136 0.1126331811263318
0 0.742722602739726 0.1232876712328767 0.0898972602739726 0.1035007610350076
0 0.8600171232876712 0.1552511415525114 0.08304794520547945 0.106544901065449
0 0.9516267123287672 0.12404870624048706 0.0898972602739726 0.0624048706240487
0 0.942208904109589 0.2511415525114155 0.11558219178082192 0.106544901065449
2 0.2684075342465753 0.8538812785388128 0.12756849315068494 0.2496194824961948
7 0.2748287671232877 0.22754946727549466 0.13013698630136986 0.0684931506849315
7 0.2898116438356164 0.2968036529680365 0.1566780821917808 0.1887366818873668
7 0.1211472602739726 0.3508371385083714 0.08304794520547945 0.1202435312024353
0 0.7363013698630136 0.593607305936073 0.3595890410958904 0.3561643835616438
0 0.4469178082191781 0.5966514459665144 0.1917808219178082 0.2709284627092846
