8 0.5734375 0.4354166666666667 0.075 0.13333333333333333
0 0.5890625 0.690625 0.121875 0.15625
0 0.4890625 0.9322916666666666 0.153125 0.08958333333333333
0 0.8078125 0.5270833333333333 0.075 0.10416666666666667
0 0.76796875 0.36666666666666664 0.0921875 0.09583333333333334
0 0.6828125 0.3072916666666667 0.05625 0.06041666666666667
0 0.6328125 0.26458333333333334 0.0375 0.075
0 0.86953125 0.19791666666666666 0.0359375 0.05416666666666667
0 0.9171875 0.21354166666666666 0.028125 0.052083333333333336
5 0.5265625 0.42916666666666664 0.128125 0.11666666666666667
0 0.6015625 0.4322916666666667 0.046875 0.08125
