0 0.24755859375 0.5444983818770227 0.4912109375 0.5064724919093851
0 0.70166015625 0.4894822006472492 0.4814453125 0.5485436893203883
5 0.31787109375 0.28802588996763756 0.2275390625 0.18122977346278318
5 0.6767578125 0.2483818770226537 0.251953125 0.22168284789644013
8 0.53369140625 0.5922330097087378 0.4365234375 0.3656957928802589
2 0.33251953125 0.3050161812297735 0.0419921875 0.1925566343042071
2 0.3642578125 0.3179611650485437 0.02734375 0.1634304207119741
2 0.39697265625 0.32362459546925565 0.0322265625 0.22330097087378642
2 0.443359375 0.34951456310679613 0.037109375 0.22653721682847897
2 0.9716796875 0.46359223300970875 0.048828125 0.8948220064724919
