0 0.7016666666666667 0.7957957957957958 0.10333333333333333 0.18618618618618618
0 0.8458333333333333 0.7582582582582582 0.10166666666666667 0.23723723723723725
0 0.8433333333333334 0.6651651651651652 0.11666666666666667 0.13513513513513514
0 0.8541666666666666 0.45345345345345345 0.08833333333333333 0.12612612612612611
0 0.08083333333333333 0.7627627627627628 0.13166666666666665 0.16216216216216217
0 0.085 0.8843843843843844 0.13333333333333333 0.1831831831831832
0 0.2075 0.8483483483483484 0.145 0.17117117117117117
0 0.19166666666666668 0.7087087087087087 0.08 0.14414414414414414
0 0.28583333333333333 0.7492492492492493 0.09833333333333333 0.15915915915915915
0 0.2633333333333333 0.6336336336336337 0.07666666666666666 0.12012012012012012
0 0.3383333333333333 0.6636636636636637 0.08 0.21621621621621623
0 0.36333333333333334 0.8813813813813813 0.09666666666666666 0.1891891891891892
0 0.42833333333333334 0.7927927927927928 0.09333333333333334 0.18618618618618618
0 0.5758333333333333 0.8003003003003003 0.115 0.16516516516516516
0 0.5025 0.9084084084084084 0.125 0.15915915915915915
0 0.6558333333333334 0.9324324324324325 0.12166666666666667 0.1111111111111111
0 0.8108333333333333 0.9114114114114115 0.11166666666666666 0.12912912912912913
0 0.235 0.9459459459459459 0.12333333333333334 0.06006006006006006
0 0.36916666666666664 0.5465465465465466 0.051666666666666666 0.0960960960960961
0 0.3908333333333333 0.5855855855855856 0.03833333333333333 0.0960960960960961
0 0.44916666666666666 0.6606606606606606 0.07833333333333334 0.1021021021021021
0 0.5408333333333334 0.6381381381381381 0.06166666666666667 0.10510510510510511
0 0.49 0.5975975975975976 0.056666666666666664 0.08408408408408409
0 0.45 0.5630630630630631 0.05 0.06906906906906907
0 0.435 0.4594594594594595 0.03666666666666667 0.06006006006006006
0 0.49083333333333334 0.46846846846846846 0.041666666666666664 0.08408408408408409
0 0.5366666666666666 0.509009009009009 0.05 0.12312312312312312
0 0.5933333333333334 0.5525525525525525 0.043333333333333335 0.12612612612612611
0 0.6566666666666666 0.6366366366366366 0.07666666666666666 0.14414414414414414
0 0.6808333333333333 0.5495495495495496 0.051666666666666666 0.07807807807807808
0 0.6991666666666667 0.5 0.051666666666666666 0.12912912912912913
0 0.7925 0.5495495495495496 0.095 0.12012012012012012
0 0.5941666666666666 0.43543543543543545 0.04833333333333333 0.06606606606606606
0 0.5475 0.42342342342342343 0.035 0.06606606606606606
0 0.595 0.39039039039039036 0.06 0.06006006006006006
0 0.6183333333333333 0.34384384384384387 0.03666666666666667 0.07507507507507508
0 0.6633333333333333 0.3708708708708709 0.04666666666666667 0.06906906906906907
0 0.7066666666666667 0.3783783783783784 0.056666666666666664 0.08408408408408409
0 0.7758333333333334 0.37987987987987987 0.051666666666666666 0.08108108108108109
0 0.06416666666666666 0.3858858858858859 0.045 0.06306306306306306
0 0.07916666666666666 0.4369369369369369 0.055 0.06306306306306306
0 0.025833333333333333 0.44744744744744747 0.041666666666666664 0.1021021021021021
0 0.19333333333333333 0.3048048048048048 0.056666666666666664 0.07507507507507508
0 0.3 0.2672672672672673 0.03666666666666667 0.07807807807807808
0 0.3425 0.27627627627627627 0.03833333333333333 0.04804804804804805
0 0.36916666666666664 0.25075075075075076 0.018333333333333333 0.06306306306306306
0 0.40166666666666667 0.25975975975975973 0.03666666666666667 0.05105105105105105
0 0.4816666666666667 0.2927927927927928 0.05 0.06306306306306306
0 0.4825 0.2087087087087087 0.065 0.015015015015015015
0 0.7233333333333334 0.2807807807807808 0.30333333333333334 0.003003003003003003
0 0.8891666666666667 0.2972972972972973 0.045 0.09009009009009009
0 0.9833333333333333 0.30180180180180183 0.03 0.08708708708708708
0 0.9616666666666667 0.2747747747747748 0.02 0.06906906906906907
