1 0.2541528239202658 0.25149700598802394 0.48172757475083056 0.49101796407185627
1 0.7508305647840532 0.26047904191616766 0.4850498338870432 0.49700598802395207
2 0.1777408637873754 0.47305389221556887 0.05647840531561462 0.15568862275449102
2 0.7425249169435216 0.8083832335329342 0.10299003322259136 0.2994011976047904
2 0.6212624584717608 0.7874251497005988 0.09966777408637874 0.2694610778443114
2 0.9269102990033222 0.47904191616766467 0.053156146179401995 0.2275449101796407
2 0.915282392026578 0.5389221556886228 0.04983388704318937 0.23952095808383234
2 0.8770764119601329 0.7155688622754491 0.07308970099667775 0.3772455089820359
2 0.8239202657807309 0.6197604790419161 0.07308970099667775 0.32934131736526945
3 0.1744186046511628 0.5808383233532934 0.19601328903654486 0.19161676646706588
4 0.4269102990033223 0.8383233532934131 0.1362126245847176 0.2634730538922156
8 0.659468438538206 0.5269461077844312 0.3023255813953488 0.2994011976047904
8 0.15780730897009967 0.46706586826347307 0.2757475083056478 0.23952095808383234
