8 0.7239382239382239 0.4484536082474227 0.4671814671814672 0.6391752577319587
0 0.7683397683397684 0.6134020618556701 0.3552123552123552 0.27835051546391754
0 0.07335907335907337 0.25773195876288657 0.11583011583011583 0.12371134020618557
0 0.4092664092664093 0.3402061855670103 0.11583011583011583 0.20618556701030927
7 0.361003861003861 0.20618556701030927 0.18146718146718147 0.30927835051546393
7 0.8088803088803089 0.20876288659793815 0.1891891891891892 0.30412371134020616
7 0.9382239382239382 0.27835051546391754 0.10038610038610038 0.31958762886597936
7 0.6544401544401545 0.14175257731958762 0.1274131274131274 0.18041237113402062
7 0.5482625482625483 0.08762886597938144 0.07722007722007722 0.17525773195876287
4 0.5637065637065637 0.2654639175257732 0.13127413127413126 0.22164948453608246
2 0.6467181467181468 0.4639175257731959 0.05019305019305019 0.2268041237113402
2 0.5579150579150579 0.48711340206185566 0.03474903474903475 0.22164948453608246
2 0.5212355212355212 0.5180412371134021 0.03861003861003861 0.211340206185567
2 0.4498069498069498 0.5360824742268041 0.04247104247104247 0.24742268041237114
2 0.3745173745173745 0.4742268041237113 0.04633204633204633 0.2268041237113402
2 0.23745173745173745 0.6185567010309279 0.05791505791505792 0.25773195876288657
2 0.1274131274131274 0.7525773195876289 0.07722007722007722 0.29896907216494845
2 0.05019305019305019 0.5541237113402062 0.04633204633204633 0.211340206185567
2 0.10038610038610038 0.38402061855670105 0.015444015444015444 0.10824742268041238
2 0.1776061776061776 0.5850515463917526 0.03088803088803089 0.2422680412371134
