1 0.5752895752895753 0.6082474226804123 0.4864864864864865 0.6391752577319587
8 0.5752895752895753 0.595360824742268 0.5482625482625483 0.7164948453608248
2 0.3127413127413127 0.8427835051546392 0.10810810810810811 0.25257731958762886
2 0.9285714285714286 0.8917525773195877 0.1274131274131274 0.14432989690721648
2 0.10424710424710425 0.538659793814433 0.06177606177606178 0.19072164948453607
2 0.20656370656370657 0.5077319587628866 0.05019305019305019 0.14948453608247422
2 0.04247104247104247 0.4793814432989691 0.03861003861003861 0.18556701030927836
2 0.36293436293436293 0.4793814432989691 0.03861003861003861 0.1134020618556701
2 0.43243243243243246 0.45103092783505155 0.023166023166023165 0.10824742268041238
2 0.16023166023166024 0.4845360824742268 0.03474903474903475 0.14432989690721648
