8 0.4763636363636364 0.5792349726775956 0.8654545454545455 0.5792349726775956
0 0.4818181818181818 0.592896174863388 0.8181818181818182 0.48633879781420764
2 0.9309090909090909 0.3879781420765027 0.08 0.40437158469945356
2 0.8636363636363636 0.3907103825136612 0.04727272727272727 0.3442622950819672
2 0.730909090909091 0.33060109289617484 0.05090909090909091 0.1912568306010929
2 0.7909090909090909 0.3633879781420765 0.04727272727272727 0.2568306010928962
2 0.8363636363636363 0.3524590163934426 0.02181818181818182 0.3333333333333333
2 0.6254545454545455 0.3224043715846995 0.05090909090909091 0.14207650273224043
2 0.68 0.34153005464480873 0.02181818181818182 0.16939890710382513
2 0.5745454545454546 0.3360655737704918 0.05090909090909091 0.14754098360655737
2 0.9854545454545455 0.38524590163934425 0.014545454545454545 0.3442622950819672
