2 0.24035087719298245 0.3983050847457627 0.0456140350877193 0.23163841807909605
2 0.3140350877192982 0.4011299435028249 0.03859649122807018 0.22598870056497175
2 0.2649122807017544 0.3757062146892655 0.02456140350877193 0.23163841807909605
2 0.19649122807017544 0.3785310734463277 0.021052631578947368 0.22598870056497175
2 0.17017543859649123 0.3361581920903955 0.017543859649122806 0.15254237288135594
2 0.3631578947368421 0.3163841807909605 0.02456140350877193 0.12429378531073447
2 0.2912280701754386 0.3785310734463277 0.021052631578947368 0.1694915254237288
0 0.4631578947368421 0.4180790960451977 0.16842105263157894 0.2711864406779661
0 0.875438596491228 0.4096045197740113 0.17894736842105263 0.24293785310734464
7 0.6403508771929824 0.3192090395480226 0.3192982456140351 0.5706214689265536
2 0.7052631578947368 0.5141242937853108 0.07719298245614035 0.3615819209039548
8 0.5842105263157895 0.327683615819209 0.4807017543859649 0.5988700564971752
7 0.04912280701754386 0.2966101694915254 0.09824561403508772 0.12994350282485875
