1 0.15057915057915058 0.7860824742268041 0.16216216216216217 0.23195876288659795
2 0.7239382239382239 0.9123711340206185 0.03474903474903475 0.15463917525773196
2 0.7857142857142857 0.8427835051546392 0.04247104247104247 0.13917525773195877
2 0.7741312741312741 0.5721649484536082 0.07335907335907337 0.12371134020618557
2 0.3918918918918919 0.5644329896907216 0.02702702702702703 0.12886597938144329
2 0.3474903474903475 0.5927835051546392 0.04633204633204633 0.14432989690721648
2 0.16023166023166024 0.30670103092783507 0.03474903474903475 0.10824742268041238
2 0.015444015444015444 0.7036082474226805 0.03088803088803089 0.12886597938144329
4 0.305019305019305 0.4536082474226804 0.06177606177606178 0.1134020618556701
0 0.9208494208494209 0.41494845360824745 0.0888030888030888 0.13917525773195877
0 0.8416988416988417 0.16752577319587628 0.0694980694980695 0.11855670103092783
0 0.8532818532818532 0.04639175257731959 0.10810810810810811 0.09278350515463918
3 0.9401544401544402 0.2190721649484536 0.04247104247104247 0.10824742268041238
7 0.6988416988416989 0.3582474226804124 0.14671814671814673 0.25257731958762886
7 0.4980694980694981 0.6314432989690721 0.12355212355212356 0.27319587628865977
0 0.27606177606177607 0.38144329896907214 0.08108108108108109 0.09278350515463918
8 0.5405405405405406 0.4639175257731959 0.37065637065637064 0.15463917525773196
