0 0.6747181964573269 0.3695652173913043 0.1642512077294686 0.20772946859903382
0 0.6030595813204509 0.5929951690821256 0.20128824476650564 0.17149758454106281
0 0.4331723027375201 0.7814009661835749 0.1996779388083736 0.3115942028985507
0 0.13285024154589373 0.7983091787439613 0.249597423510467 0.35990338164251207
0 0.39855072463768115 0.4335748792270531 0.1723027375201288 0.2391304347826087
0 0.214170692431562 0.5241545893719807 0.14492753623188406 0.28502415458937197
0 0.17391304347826086 0.26570048309178745 0.14814814814814814 0.16908212560386474
0 0.13687600644122383 0.12198067632850242 0.11916264090177134 0.1473429951690821
0 0.0861513687600644 0.05314009661835749 0.10466988727858294 0.0966183574879227
0 0.2777777777777778 0.05314009661835749 0.0853462157809984 0.10144927536231885
0 0.7045088566827697 0.822463768115942 0.22383252818035426 0.30193236714975846
0 0.9251207729468599 0.8248792270531401 0.13687600644122383 0.2777777777777778
0 0.5136876006441223 0.24516908212560387 0.14170692431561996 0.20531400966183574
0 0.3663446054750403 0.23550724637681159 0.13687600644122383 0.15217391304347827
0 0.3357487922705314 0.10748792270531402 0.10466988727858294 0.10386473429951691
0 0.46537842190016104 0.08333333333333333 0.08695652173913043 0.10386473429951691
0 0.5458937198067633 0.1606280193236715 0.09339774557165861 0.16666666666666666
0 0.41545893719806765 0.06159420289855073 0.09017713365539452 0.11835748792270531
