0 0.8562596599690881 0.40717821782178215 0.14528593508500773 0.13613861386138615
0 0.8446676970633694 0.1943069306930693 0.05409582689335394 0.07178217821782178
0 0.6437403400309119 0.15965346534653466 0.05100463678516229 0.04702970297029703
0 0.6615146831530139 0.0891089108910891 0.0401854714064915 0.0594059405940594
0 0.8230293663060279 0.12004950495049505 0.04482225656877898 0.05198019801980198
5 0.5069551777434312 0.3849009900990099 0.1731066460587326 0.19554455445544555
5 0.37789799072642966 0.38242574257425743 0.17465224111282843 0.27970297029702973
8 0.44513137557959814 0.40717821782178215 0.1143740340030912 0.20544554455445543
2 0.14064914992272023 0.7797029702970297 0.05873261205564142 0.16336633663366337
3 0.13833075734157652 0.8626237623762376 0.15301391035548687 0.14108910891089108
