0 0.35725552050473186 0.3463740458015267 0.10883280757097792 0.11641221374045801
0 0.5031545741324921 0.3101145038167939 0.08517350157728706 0.08587786259541985
0 0.7917981072555205 0.16030534351145037 0.05993690851735016 0.0648854961832061
0 0.8682965299684543 0.15553435114503816 0.04889589905362776 0.05534351145038168
0 0.3588328075709779 0.5333969465648855 0.13406940063091483 0.15076335877862596
0 0.526813880126183 0.5124045801526718 0.12302839116719243 0.09732824427480916
0 0.6419558359621451 0.49236641221374045 0.1167192429022082 0.09541984732824428
0 0.6175078864353313 0.7127862595419847 0.14353312302839116 0.15458015267175573
0 0.16482649842271294 0.9064885496183206 0.2697160883280757 0.1450381679389313
3 0.14826498422712933 0.41603053435114506 0.04100946372239748 0.10305343511450382
8 0.6017350157728707 0.4952290076335878 0.08990536277602523 0.14694656488549618
