5 0.39747634069400634 0.38161209068010077 0.17981072555205047 0.19395465994962216
0 0.6238170347003155 0.1977329974811083 0.07728706624605679 0.09319899244332494
0 0.6648264984227129 0.27455919395465994 0.06782334384858044 0.08564231738035265
0 0.8115141955835962 0.353904282115869 0.11514195583596215 0.10831234256926953
0 0.8477917981072555 0.5579345088161209 0.08990536277602523 0.1385390428211587
0 0.5678233438485805 0.7506297229219143 0.167192429022082 0.20654911838790932
0 0.9203470031545742 0.11460957178841309 0.055205047318611984 0.07808564231738035
0 0.9787066246056783 0.15239294710327456 0.03627760252365931 0.08312342569269521
0 0.5283911671924291 0.42065491183879095 0.07255520504731862 0.11083123425692695
8 0.47003154574132494 0.4093198992443325 0.10725552050473186 0.16876574307304787
