0 0.8417910447761194 0.8893034825870647 0.16417910447761194 0.19154228855721392
0 0.5955223880597015 0.7798507462686567 0.14029850746268657 0.2263681592039801
0 0.09402985074626866 0.417910447761194 0.11343283582089553 0.14925373134328357
0 0.04626865671641791 0.8631840796019901 0.08656716417910448 0.23383084577114427
0 0.13955223880597015 0.9054726368159204 0.17761194029850746 0.13930348258706468
0 0.21641791044776118 0.8706467661691543 0.12238805970149254 0.17412935323383086
0 0.22313432835820896 0.5310945273631841 0.1328358208955224 0.13681592039800994
0 0.18358208955223881 0.664179104477612 0.07164179104477612 0.1691542288557214
0 0.25223880597014925 0.4900497512437811 0.08358208955223881 0.13930348258706468
0 0.28134328358208954 0.43159203980099503 0.05223880597014925 0.11691542288557213
0 0.3037313432835821 0.41044776119402987 0.07014925373134329 0.11940298507462686
0 0.3701492537313433 0.38930348258706465 0.08059701492537313 0.12189054726368159
0 0.45 0.2885572139303483 0.058208955223880594 0.11442786069651742
0 0.5171641791044777 0.32338308457711445 0.09104477611940298 0.14925373134328357
0 0.15149253731343285 0.2263681592039801 0.058208955223880594 0.08955223880597014
0 0.22313432835820896 0.26865671641791045 0.058208955223880594 0.09950248756218906
0 0.2798507462686567 0.3072139303482587 0.058208955223880594 0.11691542288557213
0 0.24328358208955222 0.18034825870646767 0.056716417910447764 0.05223880597014925
0 0.2828358208955224 0.24253731343283583 0.06119402985074627 0.08208955223880597
0 0.35149253731343283 0.26741293532338306 0.058208955223880594 0.13681592039800994
0 0.3925373134328358 0.19900497512437812 0.041791044776119404 0.0945273631840796
0 0.44925373134328356 0.236318407960199 0.07462686567164178 0.024875621890547265
0 0.5410447761194029 0.2798507462686567 0.022388059701492536 0.17661691542288557
0 0.5798507462686567 0.2300995024875622 0.049253731343283584 0.11194029850746269
0 0.6305970149253731 0.23134328358208955 0.06417910447761194 0.13432835820895522
0 0.5634328358208955 0.11318407960199005 0.04328358208955224 0.07213930348258707
0 0.6201492537313433 0.10199004975124377 0.04328358208955224 0.05472636815920398
0 0.7201492537313433 0.236318407960199 0.05223880597014925 0.14925373134328357
0 0.7634328358208955 0.1281094527363184 0.05522388059701493 0.06218905472636816
0 0.6261194029850746 0.4291044776119403 0.07313432835820896 0.12686567164179105
0 0.33432835820895523 0.7313432835820896 0.09850746268656717 0.17412935323383086
0 0.676865671641791 0.6194029850746269 0.10298507462686567 0.17412935323383086
0 0.7335820895522388 0.6915422885572139 0.09104477611940298 0.14925373134328357
4 0.46044776119402986 0.8893034825870647 0.1208955223880597 0.20149253731343283
4 0.7164179104477612 0.849502487562189 0.09253731343283582 0.2562189054726368
4 0.6686567164179105 0.5074626865671642 0.08358208955223881 0.15422885572139303
4 0.4708955223880597 0.4116915422885572 0.06417910447761194 0.17661691542288557
7 0.8656716417910447 0.6927860696517413 0.191044776119403 0.32587064676616917
7 0.7888059701492537 0.47139303482587064 0.16865671641791044 0.27114427860696516
7 0.8604477611940299 0.2027363184079602 0.11791044776119403 0.2860696517412935
3 0.3291044776119403 0.9129353233830846 0.07313432835820896 0.13432835820895522
3 0.24850746268656718 0.681592039800995 0.04328358208955224 0.1691542288557214
3 0.676865671641791 0.7064676616915423 0.06417910447761194 0.15920398009950248
3 0.576865671641791 0.568407960199005 0.06119402985074627 0.17164179104477612
