0 0.15735294117647058 0.7331081081081081 0.2323529411764706 0.3581081081081081
0 0.425 0.7094594594594594 0.2088235294117647 0.35135135135135137
0 0.5235294117647059 0.7466216216216216 0.24705882352941178 0.30405405405405406
0 0.6338235294117647 0.8614864864864865 0.26176470588235295 0.22297297297297297
0 0.7514705882352941 0.36824324324324326 0.2088235294117647 0.23648648648648649
0 0.1426470588235294 0.33783783783783783 0.13823529411764707 0.14864864864864866
0 0.27647058823529413 0.27364864864864863 0.10588235294117647 0.11486486486486487
2 0.6764705882352942 0.5506756756756757 0.08235294117647059 0.31756756756756754
2 0.8985294117647059 0.46283783783783783 0.06764705882352941 0.22297297297297297
2 0.8911764705882353 0.847972972972973 0.11176470588235295 0.27702702702702703
2 0.3558823529411765 0.5337837837837838 0.1 0.28378378378378377
2 0.2838235294117647 0.4864864864864865 0.07352941176470588 0.3108108108108108
2 0.21764705882352942 0.43243243243243246 0.047058823529411764 0.22972972972972974
