0 0.2689655172413793 0.8182471264367817 0.23908045977011494 0.2629310344827586
0 0.30689655172413793 0.6501436781609196 0.167816091954023 0.1824712643678161
0 0.532183908045977 0.6357758620689655 0.18160919540229886 0.17672413793103448
0 0.46781609195402296 0.46120689655172414 0.10804597701149425 0.10919540229885058
0 0.8149425287356322 0.646551724137931 0.20919540229885059 0.19540229885057472
0 0.8862068965517241 0.8390804597701149 0.20919540229885059 0.29310344827586204
0 0.5643678160919541 0.17959770114942528 0.052873563218390804 0.05747126436781609
1 0.06551724137931035 0.4482758620689655 0.12183908045977011 0.1206896551724138
1 0.37701149425287356 0.20617816091954022 0.07816091954022988 0.07040229885057471
4 0.5758620689655173 0.8520114942528736 0.20919540229885059 0.21264367816091953
4 0.774712643678161 0.5337643678160919 0.13793103448275862 0.15660919540229884
4 0.6172413793103448 0.555316091954023 0.11264367816091954 0.1278735632183908
4 0.5701149425287356 0.4956896551724138 0.07816091954022988 0.11494252873563218
4 0.3724137931034483 0.5244252873563219 0.12873563218390804 0.11206896551724138
4 0.6689655172413793 0.4418103448275862 0.08275862068965517 0.1278735632183908
4 0.6402298850574712 0.39080459770114945 0.06206896551724138 0.07758620689655173
4 0.9482758620689655 0.6350574712643678 0.09425287356321839 0.1867816091954023
3 0.39195402298850573 0.8936781609195402 0.08505747126436781 0.1839080459770115
3 0.7494252873563219 0.3642241379310345 0.04597701149425287 0.08189655172413793
3 0.9310344827586207 0.5064655172413793 0.06896551724137931 0.1336206896551724
3 0.6114942528735632 0.1910919540229885 0.01839080459770115 0.04310344827586207
