0 0.22083333333333333 0.39586114819759677 0.06166666666666667 0.08678237650200267
0 0.13416666666666666 0.397196261682243 0.051666666666666666 0.10013351134846461
0 0.06333333333333334 0.3711615487316422 0.056666666666666664 0.1041388518024032
0 0.35375 0.3931909212283044 0.0875 0.1054739652870494
3 0.2604166666666667 0.4145527369826435 0.035833333333333335 0.08411214953271028
3 0.3695833333333333 0.4259012016021362 0.05416666666666667 0.15220293724966621
7 0.5179166666666667 0.35781041388518026 0.14416666666666667 0.3391188251001335
7 0.7929166666666667 0.5387182910547397 0.029166666666666667 0.0013351134846461949
7 0.8029166666666666 0.3464619492656876 0.015833333333333335 0.39118825100133514
7 0.5891666666666666 0.5600801068090788 0.018333333333333333 0.014686248331108143
