4 0.3671875 0.5208333333333334 0.115625 0.1875
4 0.496875 0.5833333333333334 0.134375 0.2375
4 0.33515625 0.2989583333333333 0.0921875 0.13958333333333334
4 0.23984375 0.057291666666666664 0.0609375 0.10208333333333333
4 0.4203125 0.14166666666666666 0.06875 0.10416666666666667
4 0.78046875 0.38958333333333334 0.0796875 0.14166666666666666
4 0.70546875 0.8802083333333334 0.1765625 0.22291666666666668
4 0.6390625 0.7427083333333333 0.128125 0.21875
4 0.93828125 0.9145833333333333 0.1140625 0.1375
0 0.303125 0.6458333333333334 0.18125 0.17083333333333334
0 0.4484375 0.7708333333333334 0.234375 0.2833333333333333
0 0.28359375 0.8895833333333333 0.2546875 0.19166666666666668
0 0.21640625 0.48125 0.1390625 0.15416666666666667
0 0.22734375 0.3697916666666667 0.1171875 0.15625
0 0.11328125 0.346875 0.1109375 0.16875
0 0.05390625 0.4166666666666667 0.1015625 0.14166666666666666
0 0.3546875 0.20416666666666666 0.090625 0.10416666666666667
0 0.3875 0.2604166666666667 0.084375 0.12916666666666668
0 0.29765625 0.16458333333333333 0.0828125 0.10833333333333334
0 0.21484375 0.16458333333333333 0.0859375 0.0875
0 0.33671875 0.04583333333333333 0.0796875 0.06666666666666667
0 0.38125 0.06979166666666667 0.0625 0.05625
0 0.5265625 0.14375 0.109375 0.1
0 0.4765625 0.05520833333333333 0.06875 0.06875
0 0.490625 0.26979166666666665 0.1 0.06875
0 0.4953125 0.3229166666666667 0.090625 0.1125
0 0.559375 0.4114583333333333 0.125 0.13125
0 0.5546875 0.4979166666666667 0.1 0.1625
0 0.70859375 0.621875 0.1859375 0.27708333333333335
0 0.88125 0.7895833333333333 0.209375 0.23333333333333334
0 0.90390625 0.6010416666666667 0.1671875 0.16041666666666668
0 0.8359375 0.46770833333333334 0.184375 0.19791666666666666
0 0.93671875 0.45729166666666665 0.1140625 0.14791666666666667
0 0.91875 0.34479166666666666 0.1 0.08125
0 0.78359375 0.275 0.0984375 0.0875
0 0.7875 0.21145833333333333 0.071875 0.08125
0 0.81015625 0.17708333333333334 0.0671875 0.07916666666666666
0 0.83671875 0.13020833333333334 0.0703125 0.08958333333333333
0 0.915625 0.08125 0.05 0.1
0 0.9078125 0.24375 0.071875 0.075
2 0.11796875 0.7822916666666667 0.0765625 0.16875
2 0.065625 0.6208333333333333 0.053125 0.16666666666666666
2 0.11796875 0.5322916666666667 0.0453125 0.07708333333333334
3 0.1578125 0.6489583333333333 0.034375 0.24375
3 0.1953125 0.5729166666666666 0.059375 0.1875
3 0.42421875 0.85 0.0765625 0.25416666666666665
3 0.53125 0.90625 0.10625 0.1625
3 0.709375 0.4895833333333333 0.05625 0.19583333333333333
3 0.68359375 0.37916666666666665 0.0671875 0.17916666666666667
