5 0.8433333333333334 0.7470238095238095 0.3 0.43452380952380953
0 0.26166666666666666 0.6339285714285714 0.39666666666666667 0.23214285714285715
0 0.23833333333333334 0.8660714285714286 0.47 0.20833333333333334
0 0.12666666666666668 0.5327380952380952 0.24666666666666667 0.3273809523809524
1 0.8783333333333333 0.4017857142857143 0.23 0.47023809523809523
2 0.6066666666666667 0.6904761904761905 0.05333333333333334 0.2857142857142857
2 0.755 0.7827380952380952 0.07666666666666666 0.3273809523809524
2 0.43833333333333335 0.49404761904761907 0.06333333333333334 0.19047619047619047
2 0.49833333333333335 0.5238095238095238 0.03666666666666667 0.25
2 0.55 0.5148809523809523 0.02666666666666667 0.26785714285714285
2 0.2633333333333333 0.4732142857142857 0.04666666666666667 0.125
8 0.435 0.36607142857142855 0.4166666666666667 0.30357142857142855
