2 0.103 0.6790697674418604 0.036 0.15813953488372093
2 0.285 0.8209302325581396 0.03 0.11162790697674418
3 0.2815 0.8604651162790697 0.051 0.22325581395348837
3 0.1755 0.7034883720930233 0.033 0.12325581395348838
3 0.433 0.9232558139534883 0.05 0.13023255813953488
3 0.7815 0.5569767441860465 0.043 0.14651162790697675
3 0.872 0.6883720930232559 0.042 0.12093023255813953
3 0.8805 0.6174418604651163 0.033 0.1186046511627907
3 0.6325 0.3767441860465116 0.029 0.08372093023255814
3 0.584 0.37093023255813956 0.028 0.06279069767441861
3 0.55 0.28255813953488373 0.022 0.08139534883720931
3 0.535 0.2837209302325581 0.014 0.08372093023255814
3 0.5805 0.29186046511627906 0.013 0.08604651162790698
3 0.614 0.30348837209302326 0.022 0.08604651162790698
3 0.466 0.2895348837209302 0.026 0.06744186046511629
3 0.4365 0.26627906976744187 0.023 0.07209302325581396
3 0.341 0.17325581395348838 0.02 0.04883720930232558
3 0.2065 0.22093023255813954 0.017 0.07906976744186046
3 0.227 0.20930232558139536 0.018 0.06976744186046512
3 0.2435 0.3116279069767442 0.027 0.06511627906976744
3 0.3105 0.5453488372093023 0.033 0.07674418604651163
3 0.165 0.15 0.026 0.03953488372093023
3 0.378 0.1558139534883721 0.028 0.06046511627906977
4 0.3785 0.5825581395348837 0.055 0.1325581395348837
4 0.374 0.4569767441860465 0.044 0.1325581395348837
4 0.342 0.3325581395348837 0.046 0.11627906976744186
4 0.241 0.5453488372093023 0.056 0.12325581395348838
0 0.4465 0.5313953488372093 0.053 0.12790697674418605
0 0.3665 0.6674418604651163 0.081 0.11162790697674418
0 0.419 0.7779069767441861 0.082 0.14186046511627906
0 0.524 0.7290697674418605 0.096 0.14651162790697675
0 0.4945 0.627906976744186 0.075 0.11627906976744186
0 0.613 0.5709302325581396 0.076 0.16511627906976745
0 0.693 0.6767441860465117 0.094 0.1813953488372093
0 0.8885 0.8209302325581396 0.121 0.19534883720930232
0 0.7195 0.55 0.085 0.2069767441860465
0 0.554 0.43953488372093025 0.07 0.13023255813953488
0 0.0315 0.5 0.037 0.09302325581395349
0 0.038 0.3581395348837209 0.028 0.05116279069767442
0 0.272 0.24302325581395348 0.036 0.07209302325581396
0 0.3025 0.22209302325581395 0.027 0.07674418604651163
0 0.196 0.14534883720930233 0.028 0.08139534883720931
0 0.421 0.37906976744186044 0.04 0.09767441860465116
