7 0.3515358361774744 0.21511627906976744 0.19795221843003413 0.23255813953488372
7 0.20136518771331058 0.7587209302325582 0.3822525597269625 0.4127906976744186
7 0.7406143344709898 0.28488372093023256 0.2525597269624573 0.27906976744186046
8 0.726962457337884 0.7732558139534884 0.2935153583617747 0.37209302325581395
8 0.33447098976109213 0.21220930232558138 0.21160409556313994 0.31976744186046513
8 0.7218430034129693 0.2936046511627907 0.2627986348122867 0.3430232558139535
8 0.19283276450511946 0.7674418604651163 0.3447098976109215 0.37209302325581395
0 0.7491467576791809 0.7761627906976745 0.2764505119453925 0.36627906976744184
2 0.9539249146757679 0.7122093023255814 0.06484641638225255 0.23837209302325582
2 0.051194539249146756 0.4069767441860465 0.07508532423208192 0.18604651162790697
