1 0.35 0.4197860962566845 0.6851851851851852 0.7540106951871658
2 0.4388888888888889 0.7727272727272727 0.1 0.33689839572192515
2 0.4203703703703704 0.8689839572192514 0.09259259259259259 0.18716577540106952
2 0.31851851851851853 0.7005347593582888 0.05925925925925926 0.25668449197860965
2 0.2537037037037037 0.7593582887700535 0.07777777777777778 0.3850267379679144
2 0.1962962962962963 0.7647058823529411 0.08888888888888889 0.3315508021390374
2 0.1425925925925926 0.8021390374331551 0.07037037037037037 0.32085561497326204
2 0.07777777777777778 0.767379679144385 0.08148148148148149 0.3582887700534759
2 0.7018518518518518 0.7620320855614974 0.06296296296296296 0.40106951871657753
2 0.774074074074074 0.8716577540106952 0.0962962962962963 0.18181818181818182
0 0.8018518518518518 0.660427807486631 0.3814814814814815 0.5187165775401069
8 0.5 0.48128342245989303 0.9777777777777777 0.9197860962566845
