8 0.5637065637065637 0.4072164948453608 0.416988416988417 0.30927835051546393
7 0.5077220077220077 0.6185567010309279 0.1274131274131274 0.24742268041237114
0 0.916988416988417 0.4097938144329897 0.07335907335907337 0.10824742268041238
0 0.8416988416988417 0.17525773195876287 0.0694980694980695 0.1134020618556701
0 0.8474903474903475 0.05670103092783505 0.0888030888030888 0.07216494845360824
0 0.9845559845559846 0.7809278350515464 0.015444015444015444 0.15979381443298968
1 0.14092664092664092 0.7963917525773195 0.1583011583011583 0.2422680412371134
4 0.3030888030888031 0.45103092783505155 0.05019305019305019 0.10824742268041238
2 0.7239382239382239 0.9123711340206185 0.04247104247104247 0.1134020618556701
2 0.7895752895752896 0.8402061855670103 0.03474903474903475 0.1134020618556701
1 0.6891891891891891 0.35309278350515466 0.11969111969111969 0.17010309278350516
7 0.525096525096525 0.4639175257731959 0.3088803088803089 0.13402061855670103
