0 0.8233333333333334 0.6369047619047619 0.18666666666666668 0.21428571428571427
0 0.6916666666666667 0.5029761904761905 0.08333333333333333 0.16071428571428573
0 0.7433333333333333 0.46130952380952384 0.07333333333333333 0.17261904761904762
0 0.7766666666666666 0.2976190476190476 0.07333333333333333 0.08333333333333333
0 0.9616666666666667 0.4107142857142857 0.07 0.13095238095238096
0 0.145 0.7589285714285714 0.27666666666666667 0.4226190476190476
0 0.34833333333333333 0.75 0.21666666666666667 0.44047619047619047
0 0.44166666666666665 0.7708333333333334 0.16333333333333333 0.4226190476190476
0 0.4766666666666667 0.6726190476190477 0.16 0.2619047619047619
0 0.5116666666666667 0.5535714285714286 0.09666666666666666 0.11904761904761904
0 0.5116666666666667 0.4880952380952381 0.07 0.05952380952380952
0 0.43333333333333335 0.3392857142857143 0.07333333333333333 0.05952380952380952
0 0.5083333333333333 0.3244047619047619 0.07 0.08928571428571429
1 0.17833333333333334 0.42857142857142855 0.21666666666666667 0.16666666666666666
1 0.23833333333333334 0.2648809523809524 0.10333333333333333 0.125
1 0.3333333333333333 0.3244047619047619 0.04666666666666667 0.17261904761904762
