0 0.09491525423728814 0.2042857142857143 0.16271186440677965 0.16285714285714287
0 0.19661016949152543 0.31 0.16610169491525423 0.20857142857142857
0 0.0788135593220339 0.4 0.1576271186440678 0.2057142857142857
0 0.10508474576271186 0.74 0.2033898305084746 0.4857142857142857
0 0.39576271186440676 0.6257142857142857 0.27627118644067794 0.45714285714285713
0 0.6457627118644068 0.3414285714285714 0.1288135593220339 0.21428571428571427
0 0.5152542372881356 0.44571428571428573 0.16271186440677965 0.26857142857142857
0 0.37203389830508476 0.3585714285714286 0.14745762711864407 0.2257142857142857
0 0.30254237288135594 0.2742857142857143 0.1135593220338983 0.1657142857142857
0 0.2983050847457627 0.15428571428571428 0.09152542372881356 0.14285714285714285
0 0.8313559322033899 0.8328571428571429 0.3135593220338983 0.3171428571428571
0 0.7991525423728814 0.6342857142857142 0.25254237288135595 0.4
1 0.8601694915254238 0.3057142857142857 0.2627118644067797 0.5371428571428571
5 0.45932203389830506 0.16142857142857142 0.19322033898305085 0.31142857142857144
5 0.688135593220339 0.14285714285714285 0.09491525423728814 0.2571428571428571
