0 0.14064914992272023 0.5631188118811881 0.19783616692426584 0.20544554455445543
0 0.3160741885625966 0.7289603960396039 0.2704791344667697 0.30445544554455445
0 0.5386398763523956 0.3787128712871287 0.1375579598145286 0.10891089108910891
0 0.6862442040185471 0.49133663366336633 0.1143740340030912 0.2301980198019802
0 0.07882534775888717 0.3131188118811881 0.09582689335394126 0.11138613861386139
0 0.8585780525502318 0.19306930693069307 0.04173106646058733 0.06930693069306931
0 0.9095826893353941 0.19554455445544555 0.04791344667697063 0.07425742574257425
0 0.9683153013910355 0.19801980198019803 0.04791344667697063 0.09405940594059406
0 0.2797527047913447 0.16831683168316833 0.04327666151468315 0.0594059405940594
0 0.18006182380216385 0.1844059405940594 0.03863987635239567 0.04702970297029703
5 0.8060278207109737 0.6113861386138614 0.09119010819165378 0.16831683168316833
2 0.241112828438949 0.4603960396039604 0.04945904173106646 0.12376237623762376
2 0.4041731066460587 0.40470297029702973 0.10046367851622875 0.11633663366336634
2 0.46831530139103555 0.2896039603960396 0.021638330757341576 0.07425742574257425
