2 0.6470833333333333 0.48148148148148145 0.0425 0.13333333333333333
2 0.015833333333333335 0.3585185185185185 0.028333333333333332 0.10074074074074074
3 0.49583333333333335 0.44666666666666666 0.041666666666666664 0.09333333333333334
3 0.50375 0.5525925925925926 0.0475 0.10666666666666667
3 0.49416666666666664 0.7185185185185186 0.043333333333333335 0.16
3 0.5404166666666667 0.9037037037037037 0.060833333333333336 0.16296296296296298
3 0.5391666666666667 0.2822222222222222 0.02666666666666667 0.08148148148148149
3 0.5095833333333334 0.25925925925925924 0.0175 0.06814814814814815
3 0.49416666666666664 0.2348148148148148 0.016666666666666666 0.057777777777777775
3 0.4245833333333333 0.14444444444444443 0.015833333333333335 0.04
3 0.31416666666666665 0.15851851851851853 0.018333333333333333 0.047407407407407405
3 0.33791666666666664 0.16296296296296298 0.014166666666666666 0.04148148148148148
3 0.5233333333333333 0.1451851851851852 0.015 0.03851851851851852
0 0.3779166666666667 0.6688888888888889 0.07916666666666666 0.21481481481481482
0 0.30916666666666665 0.48148148148148145 0.08833333333333333 0.13333333333333333
0 0.42 0.3940740740740741 0.06666666666666667 0.11259259259259259
0 0.45125 0.29777777777777775 0.0425 0.09481481481481481
0 0.4 0.2777777777777778 0.043333333333333335 0.08148148148148149
0 0.4395833333333333 0.22740740740740742 0.034166666666666665 0.0637037037037037
0 0.49333333333333335 0.21259259259259258 0.035 0.06666666666666667
0 0.46125 0.1562962962962963 0.0225 0.045925925925925926
0 0.49 0.14888888888888888 0.0 0.04888888888888889
0 0.0825 0.4451851851851852 0.10166666666666667 0.11703703703703704
0 0.18625 0.34 0.0525 0.07851851851851852
0 0.24208333333333334 0.37037037037037035 0.0775 0.11555555555555555
0 0.10833333333333334 0.3459259259259259 0.08 0.09037037037037036
0 0.1575 0.2659259259259259 0.06 0.057777777777777775
7 0.32916666666666666 0.2607407407407407 0.06166666666666667 0.08888888888888889
7 0.26458333333333334 0.24814814814814815 0.06416666666666666 0.08148148148148149
1 0.86875 0.19555555555555557 0.07583333333333334 0.09481481481481481
