0 0.8112244897959183 0.8421052631578947 0.24829931972789115 0.2807017543859649
0 0.304421768707483 0.8771929824561403 0.1326530612244898 0.16374269005847952
0 0.46938775510204084 0.8859649122807017 0.14965986394557823 0.18128654970760233
0 0.5187074829931972 0.8216374269005848 0.15306122448979592 0.21637426900584794
0 0.4098639455782313 0.7456140350877193 0.17346938775510204 0.19298245614035087
0 0.2942176870748299 0.7573099415204678 0.13945578231292516 0.13450292397660818
2 0.14625850340136054 0.8187134502923976 0.04081632653061224 0.17543859649122806
2 0.18537414965986396 0.7719298245614035 0.04421768707482993 0.19883040935672514
2 0.6428571428571429 0.7046783625730995 0.05442176870748299 0.1695906432748538
2 0.6751700680272109 0.5789473684210527 0.05102040816326531 0.14035087719298245
