4 0.3745980707395498 0.8549382716049383 0.14469453376205788 0.24074074074074073
4 0.590032154340836 0.6234567901234568 0.08681672025723473 0.20987654320987653
4 0.8279742765273312 0.37037037037037035 0.06752411575562701 0.13580246913580246
4 0.6913183279742765 0.41975308641975306 0.06430868167202572 0.16049382716049382
4 0.7331189710610932 0.36728395061728397 0.05144694533762058 0.1419753086419753
2 0.7202572347266881 0.7870370370370371 0.05787781350482315 0.21604938271604937
2 0.13344051446945338 0.7746913580246914 0.06752411575562701 0.21604938271604937
2 0.20739549839228297 0.6851851851851852 0.05466237942122187 0.2222222222222222
2 0.864951768488746 0.8518518518518519 0.04501607717041801 0.1728395061728395
0 0.5852090032154341 0.9012345679012346 0.1607717041800643 0.16049382716049382
3 0.4967845659163987 0.7407407407407407 0.05466237942122187 0.2222222222222222
3 0.7652733118971061 0.5555555555555556 0.04501607717041801 0.13580246913580246
3 0.7556270096463023 0.9228395061728395 0.08360128617363344 0.12962962962962962
