0 0.5329380764163373 0.5545023696682464 0.2015810276679842 0.2843601895734597
0 0.2872200263504611 0.4419431279620853 0.2002635046113307 0.26303317535545023
0 0.38603425559947296 0.7274881516587678 0.2028985507246377 0.33649289099526064
0 0.5974967061923584 0.8412322274881516 0.1725955204216074 0.2985781990521327
0 0.7542819499341239 0.6232227488151659 0.17523056653491437 0.3175355450236967
0 0.6172595520421608 0.45260663507109006 0.19104084321475626 0.23222748815165878
0 0.7035573122529645 0.3104265402843602 0.15019762845849802 0.22274881516587677
0 0.12055335968379446 0.7843601895734598 0.23583662714097497 0.3080568720379147
0 0.272068511198946 0.8767772511848341 0.2964426877470356 0.22748815165876776
0 0.15349143610013175 0.5876777251184834 0.23847167325428195 0.1990521327014218
0 0.4393939393939394 0.30924170616113744 0.1673254281949934 0.2109004739336493
0 0.7167325428194994 0.12322274881516587 0.07905138339920949 0.13744075829383887
0 0.841897233201581 0.17654028436018956 0.12384716732542819 0.1066350710900474
0 0.8820816864295126 0.08175355450236967 0.1067193675889328 0.1018957345971564
0 0.7529644268774703 0.06516587677725119 0.10935441370223979 0.11137440758293839
0 0.9334650856389987 0.33767772511848343 0.1067193675889328 0.1872037914691943
0 0.9591567852437418 0.2109004739336493 0.07905138339920949 0.12796208530805686
0 0.8359683794466403 0.19549763033175355 0.10408432147562582 0.11611374407582939
0 0.30500658761528326 0.22748815165876776 0.13570487483530963 0.11374407582938388
1 0.07378129117259552 0.3341232227488152 0.14756258234519104 0.5639810426540285
1 0.5138339920948617 0.10308056872037914 0.2450592885375494 0.1872037914691943
4 0.3227931488801054 0.06516587677725119 0.0922266139657444 0.07345971563981042
4 0.2924901185770751 0.15165876777251186 0.09749670619235837 0.0995260663507109
4 0.5197628458498024 0.19194312796208532 0.09617918313570488 0.1895734597156398
2 0.6436100131752306 0.10071090047393365 0.03820816864295125 0.11137440758293839
0 0.8610013175230566 0.4585308056872038 0.14097496706192358 0.22511848341232227
