0 0.50927734375 0.5051319648093842 0.1005859375 0.09237536656891496
0 0.57177734375 0.3907624633431085 0.0693359375 0.08944281524926687
0 0.4697265625 0.31671554252199413 0.0546875 0.05865102639296188
0 0.5234375 0.20747800586510265 0.029296875 0.03372434017595308
0 0.37158203125 0.8585043988269795 0.1123046875 0.1744868035190616
0 0.423828125 0.6950146627565983 0.10546875 0.20821114369501467
0 0.58837890625 0.8988269794721407 0.1572265625 0.18181818181818182
0 0.75 0.8387096774193549 0.2421875 0.3020527859237537
0 0.52587890625 0.2749266862170088 0.0419921875 0.039589442815249266
0 0.53076171875 0.14809384164222875 0.0322265625 0.03519061583577713
0 0.56884765625 0.16715542521994134 0.0341796875 0.03519061583577713
